0.0                      0.0                      
7.3384654E-6             25717.328                
2.9183453E-5             78008.555                
6.529673E-5              151907.84                
1.1605817E-4             237169.73                
1.8129477E-4             333447.2                 
2.609825E-4              437943.75                
3.5509554E-4             551651.94                
4.6360042E-4             673283.0                 
5.8646116E-4             803290.56                
7.2363496E-4             941032.56                
8.750756E-4              1086639.2                
0.001040731              1239907.2                
0.0012205447             1400742.6                
0.0014144552             1569204.5                
0.0016223965             1745040.5                
0.0018442976             1928445.6                
0.0020800822             2119087.5                
0.0023296708             2317188.5                
0.002592977              2522435.5                
0.002869912              2734955.0                
0.0031621538             2947884.2                
0.0034660487             3164437.2                
0.00378326               3393956.8                
0.004111975              3632755.2                
0.004455524              3886155.8                
0.00481208               4148350.2                
0.005181415              4411546.5                
0.0055635553             4680290.5                
0.0059583103             4956946.5                
0.00636564               5239621.0                
0.006785163              5525772.5                
0.007216972              5817119.0                
0.0076607857             6116315.0                
0.00811663               6421811.5                
0.008584029              6731303.0                
0.009063124              7045915.5                
0.009553558              7367466.5                
0.010055419              7695042.5                
0.010568135              8026567.5                
0.011091898              8362833.5                
0.011626273              8704964.0                
0.012171411              9052506.0                
0.012726762              9404360.0                
0.013292432              9760778.0                
0.01386781               1.0121026E7              
0.014453029              1.0485563E7              
0.015047882              1.0855059E7              
0.015652167              1.1228554E7              
0.016265504              1.1605116E7              
0.016887825              1.1985678E7              
0.01751899               1.2370537E7              
0.018158585              1.2758266E7              
0.018806558              1.3148725E7              
0.019462561              1.3543044E7              
0.020126626              1.3940838E7              
0.020798028              1.4340368E7              
0.02147693               1.47424E7                
0.022163043              1.5147831E7              
0.022856204              1.5555695E7              
0.02355592               1.596487E7               
0.024262147              1.6376284E7              
0.024974685              1.6790322E7              
0.025693178              1.720593E7               
0.02641751               1.7622884E7              
0.027147098              1.8040858E7              
0.027882004              1.8459912E7              
0.028621858              1.8880454E7              
0.029366659              1.9302224E7              
0.030115714              1.9724506E7              
0.03086912               2.0147544E7              
0.031626534              2.057135E7               
0.032388933              2.0993186E7              
0.03315308               2.141211E7               
0.03392114               2.1834062E7              
0.034691025              2.2256962E7              
0.035464965              2.2680752E7              
0.036239687              2.3104026E7              
0.037017215              2.352801E7               
0.03779674               2.3952248E7              
0.038578246              2.4376732E7              
0.03936114               2.480001E7               
0.040144037              2.5218786E7              
0.04092795               2.563549E7               
0.041712873              2.6050136E7              
0.042497903              2.646415E7               
0.043282844              2.687783E7               
0.04406812               2.729052E7               
0.044853736              2.7702222E7              
0.04563694               2.8108618E7              
0.046419065              2.8511832E7              
0.047200263              2.8912106E7              
0.047980215              2.9310116E7              
0.04875792               2.970801E7               
0.049534064              3.0104322E7              
0.05030865               3.0499062E7              
0.051079746              3.088864E7               
0.05184654               3.1271558E7              
0.05261017               3.1649966E7              
0.053370632              3.2023892E7              
0.054127555              3.2398576E7              
0.054881085              3.277197E7               
0.055631265              3.3143514E7              
0.05637746               3.3511806E7              
0.057116613              3.3870084E7              
0.05785071               3.4222792E7              
0.058579754              3.456996E7               
0.05930366               3.4914856E7              
0.06002237               3.525974E7               
0.06073595               3.5602188E7              
0.061443835              3.5940948E7              
0.06214317               3.6269544E7              
0.06283568               3.6591928E7              
0.063521355              3.6908128E7              
0.064200014              3.7222308E7              
0.06487172               3.7533088E7              
0.06553649               3.7840008E7              
0.066192985              3.8140708E7              
0.06684047               3.8433936E7              
0.06747976               3.8721148E7              
0.06811072               3.9002828E7              
0.06873284               3.9280692E7              
0.06934645               3.9553692E7              
0.069951534              3.9821848E7              
0.07054616               4.0082544E7              
0.07113111               4.03369E7                
0.07170655               4.058512E7               
0.072271965              4.0827792E7              
0.07282719               4.1065128E7              
0.073372476              4.1296864E7              
0.073907405              4.1522604E7              
0.07443083               4.1741168E7              
0.0749435                4.195336E7               
0.07544541               4.2159196E7              
0.07593567               4.2359092E7              
0.07641472               4.2552872E7              
0.07688257               4.274054E7               
0.0773384                4.2921428E7              
0.077782035              4.309542E7               
0.07821383               4.3262816E7              
0.07863355               4.3423672E7              
0.07904065               4.3578076E7              
0.07943549               4.3725992E7              
0.07981808               4.3867428E7              
0.0801873                4.4001644E7              
0.08054375               4.412906E7               
0.08088743               4.4249692E7              
0.08121786               4.4363568E7              
0.08153501               4.4470708E7              
0.08183905               4.4571108E7              
0.08212969               4.4664628E7              
0.08240649               4.4751016E7              
0.08266978               4.4830468E7              
0.08291953               4.4903E7                 
0.08315521               4.4968648E7              
0.08337709               4.50274E7                
0.0835852                4.5079268E7              
0.08377912               4.5124052E7              
0.08395887               4.5161776E7              
0.08412457               4.5192492E7              
0.084276095              4.5216276E7              
0.08441328               4.5233212E7              
0.08453626               4.5243236E7              
0.08464489               4.5246216E7              
0.08473896               4.524198E7               
0.08481863               4.5230656E7              
0.08488386               4.5212372E7              
0.084934615              4.5187292E7              
0.08497092               4.5155288E7              
0.08499273               4.5116348E7              
0.08499998               4.5070448E7              
0.08499272               4.5017596E7              
0.08497096               4.495786E7               
0.084934704              4.4891308E7              
0.08488395               4.4817876E7              
0.08481873               4.4737612E7              
0.08473907               4.4650568E7              
0.08464494               4.4556684E7              
0.08453643               4.445606E7               
0.08441362               4.4348776E7              
0.08427643               4.4234744E7              
0.08412499               4.4114056E7              
0.083959386              4.3986788E7              
0.08377954               4.3852848E7              
0.08358563               4.371238E7               
0.083377756              4.3565468E7              
0.08315582               4.3412008E7              
0.08292003               4.3252128E7              
0.08267052               4.3085904E7              
0.08240716               4.2913236E7              
0.08213022               4.2734308E7              
0.081839845              4.2549228E7              
0.081535876              4.235786E7               
0.08121864               4.216036E7               
0.080888286              4.1956796E7              
0.08054464               4.174706E7               
0.08018809               4.1531416E7              
0.07981877               4.130998E7               
0.07943651               4.1082588E7              
0.07904169               4.0849368E7              
0.07863447               4.061036E7               
0.07821465               4.0365472E7              
0.07778293               4.01153E7                
0.07733906               3.9859624E7              
0.076883264              3.959842E7               
0.07641579               3.9331708E7              
0.075936526              3.9059484E7              
0.07544619               3.87824E7                
0.07494447               3.8500144E7              
0.07443169               3.8212652E7              
0.073907964              3.7919888E7              
0.07337338               3.7621972E7              
0.07282879               3.7319392E7              
0.07227379               3.701188E7               
0.07170838               3.669942E7               
0.071132556              3.6381984E7              
0.070547074              3.6060196E7              
0.06995281               3.5734764E7              
0.06934886               3.5404908E7              
0.068735205              3.5070604E7              
0.06811196               3.4731868E7              
0.06748136               3.4389492E7              
0.06684197               3.4042932E7              
0.06619378               3.3692172E7              
0.06553679               3.333719E7               
0.06487283               3.2979238E7              
0.064201765              3.2618202E7              
0.06352294               3.2253616E7              
0.062836364              3.1885464E7              
0.06214282               3.1514066E7              
0.06144369               3.114E7                  
0.06073779               3.076274E7               
0.06002511               3.0382272E7              
0.05930566               2.999858E7               
0.058581516              2.9612832E7              
0.057851918              2.9224586E7              
0.05711709               2.8833956E7              
0.05637728               2.8441074E7              
0.05563273               2.8046066E7              
0.054883685              2.7649064E7              
0.054130387              2.72502E7                
0.05337308               2.6849602E7              
0.052612066              2.644727E7               
0.05184773               2.6042994E7              
0.051080205              2.5637178E7              
0.050309747              2.522993E7               
0.04953661               2.482136E7               
0.048761044              2.4411582E7              
0.047983304              2.4000708E7              
0.04720365               2.3588852E7              
0.04642233               2.3176128E7              
0.045639712              2.2762998E7              
0.04485608               2.2349652E7              
0.04407161               2.1936012E7              
0.04328658               2.1522222E7              
0.04250124               2.1108426E7              
0.041715857              2.0694764E7              
0.04093069               2.0281382E7              
0.040146                 1.9868428E7              
0.039362047              1.9456046E7              
0.038579315              1.9044022E7              
0.03779795               1.8632686E7              
0.0370182                1.8222214E7              
0.03624033               1.7812748E7              
0.03546462               1.740442E7               
0.034691326              1.6997372E7              
0.033920728              1.659174E7               
0.03315309               1.6187667E7              
0.03238865               1.5785389E7              
0.031627454              1.5385581E7              
0.030869935              1.4987989E7              
0.030116359              1.4592781E7              
0.029366981              1.4200127E7              
0.028622065              1.3810198E7              
0.02788187               1.3423164E7              
0.027146654              1.30392E7                
0.026416684              1.2658477E7              
0.025692225              1.228073E7               
0.024973553              1.1905798E7              
0.024260914              1.1534266E7              
0.02355457               1.1166276E7              
0.02285478               1.0801966E7              
0.022161812              1.044148E7               
0.02147592               1.0084958E7              
0.020797372              9732542.0                
0.020126423              9384377.0                
0.019462723              9040474.0                
0.0188067                8701014.0                
0.01815876               8366170.0                
0.017519139              8036083.0                
0.016888069              7710891.0                
0.016265782              7390734.0                
0.01565251               7075751.5                
0.015048486              6766084.0                
0.014453924              6461874.5                
0.013868514              6163327.5                
0.013292863              5870540.5                
0.012727183              5583656.5                
0.0121716885             5302820.0                
0.011626592              5028174.5                
0.011092108              4759865.0                
0.010568448              4498034.5                
0.010055828              4242828.5                
0.009554236              3994188.2                
0.0090635065             3751914.5                
0.008584204              3516467.0                
0.008116516              3287966.5                
0.007660632              3066533.5                
0.0072167385             2852288.0                
0.0067850254             2645349.8                
0.0063656797             2445838.0                
0.0059588905             2253872.2                
0.00556435               2068982.9                
0.0051821726             1891197.9                
0.0048127263             1720848.9                
0.004456136              1557976.0                
0.0041125217             1402613.6                
0.0037819988             1254790.4                
0.0034646788             1114529.1                
0.0031606688             981847.06                
0.0028700721             856755.3                 
0.0025930444             740551.3                 
0.002329653              632618.6                 
0.0020799884             532960.44                
0.0018441417             441674.94                
0.0016222001             358861.75                
0.0014142464             284621.56                
0.00122036               219056.33                
0.0010406162             162269.14                
8.7504974E-4             114102.98                
7.235818E-4              73618.484                
5.863724E-4              41609.25                 
4.6346616E-4             18076.537                
3.549031E-4              3015.506                 
2.6071823E-4             -3584.784                
1.809415E-4              -1741.3788               
1.15598144E-4            8522.578                 
6.470837E-5              27177.854                
2.8441207E-5             56048.137                
6.902959E-6              96251.03                 
-3.3476171E-21           146538.61                
