0.0                      0.0                      
7.3384654E-6             198.85944                
2.9183453E-5             520.78357                
6.552374E-5              1038.692                 
1.1606041E-4             1999.2294                
1.8129812E-4             3355.3647                
2.6136733E-4             4630.1143                
3.5551513E-4             6244.5815                
4.6360548E-4             8212.899                 
5.864666E-4              10687.223                
7.236411E-4              13509.72                 
8.750827E-4              16677.156                
0.0010407412             20145.762                
0.0012205541             23812.367                
0.0014144664             27713.588                
0.0016224082             31811.803                
0.0018443104             36118.855                
0.0020800966             40680.664                
0.0023296862             45484.758                
0.0025929937             50531.285                
0.0028699297             55779.45                 
0.0031603994             61209.28                 
0.0034643025             66817.586                
0.0037815361             72586.36                 
0.0041119917             78513.19                 
0.00445556               84593.85                 
0.004812118              90832.15                 
0.005181547              97217.46                 
0.0055637197             103731.016               
0.0059585064             110361.06                
0.0063657654             117112.734               
0.0067853695             123981.81                
0.0072171697             130961.61                
0.0076610204             138043.61                
0.008116778              145211.9                 
0.008584258              152462.39                
0.0090633305             159791.8                 
0.00955382               167189.62                
0.010055562              174653.1                 
0.010568382              182175.64                
0.011092121              189747.89                
0.011626573              197360.44                
0.012171568              205018.98                
0.012726909              212721.05                
0.013292428              220463.33                
0.013867922              228228.5                 
0.014453195              236013.81                
0.015048045              243814.12                
0.015652271              251625.03                
0.016265664              259441.38                
0.016888017              267257.4                 
0.017519128              275064.97                
0.018158747              282850.94                
0.018806688              290630.28                
0.019462721              298383.03                
0.020126622              306104.0                 
0.020798163              313787.7                 
0.021477127              321422.1                 
0.022163259              329001.12                
0.022856334              336529.84                
0.02355612               344012.34                
0.024262372              351424.25                
0.024974851              358763.5                 
0.025693316              366023.47                
0.02641752               373199.44                
0.027147219              380286.12                
0.027882172              387274.28                
0.028622093              394158.56                
0.029366767              400951.16                
0.030115927              407628.2                 
0.030869314              414187.53                
0.031626683              420614.7                 
0.032387752              426927.78                
0.033152275              433108.38                
0.03391999               439149.78                
0.034690637              445047.66                
0.035463948              450797.34                
0.03623979               456265.53                
0.037017584              461567.4                 
0.03779726               466818.72                
0.038578592              472009.0                 
0.039361265              476982.34                
0.040145013              481765.47                
0.04092956               486358.25                
0.041714646              490767.16                
0.042499997              494992.16                
0.043285348              499026.3                 
0.044070426              502877.5                 
0.044854976              506524.56                
0.04563872               509971.0                 
0.046421405              513214.9                 
0.04720274               516245.03                
0.047982465              519093.28                
0.04876032               521769.53                
0.04953604               524288.75                
0.050309356              526671.3                 
0.051080003              528955.44                
0.05184772               531177.94                
0.052612245              533390.94                
0.05337332               535654.5                 
0.054130677              538031.2                 
0.054884065              540607.0                 
0.05563322               543454.1                 
0.056377895              546668.8                 
0.05711783               550337.56                
0.05785277               554558.6                 
0.0585824                559489.44                
0.059306655              565189.7                 
0.060025018              571670.2                 
0.060737472              578960.56                
0.061443653              587313.56                
0.062143553              596683.75                
0.06283663               607066.9                 
0.06352282               618509.94                
0.06420177               631048.3                 
0.06487329               644677.7                 
0.065537244              659424.06                
0.06619322               675196.4                 
0.066841245              692049.44                
0.06748088               709857.8                 
0.06811197               728595.94                
0.068734325              748161.7                 
0.069347724              768479.3                 
0.06995194               789455.2                 
0.07054679               811001.3                 
0.07113207               833009.75                
0.07170757               855358.56                
0.07227308               877918.7                 
0.07282845               900553.56                
0.07337345               923110.75                
0.07390789               945428.9                 
0.07443161               967496.25                
0.07494445               989254.0                 
0.07544619               1010504.5                
0.07593666               1031117.0                
0.07641575               1051176.6                
0.07688325               1070487.9                
0.077338986              1088946.6                
0.077782825              1106546.2                
0.07821462               1123374.4                
0.07863423               1139359.9                
0.079041496              1154519.5                
0.07943628               1168753.6                
0.07981845               1182088.6                
0.08018788               1194548.0                
0.080544434              1206188.8                
0.080888                 1217171.1                
0.08121846               1227547.4                
0.0815357                1237435.5                
0.0818396                1246557.4                
0.08213007               1254823.0                
0.082407005              1262261.2                
0.082670316              1268871.6                
0.082919925              1275233.4                
0.08315572               1281139.4                
0.08337761               1286656.5                
0.083585545              1291681.8                
0.08377947               1296142.9                
0.08395928               1300135.0                
0.08412492               1303657.5                
0.08427638               1306688.5                
0.08441356               1309249.5                
0.0845364                1311340.8                
0.08464492               1312921.0                
0.08473904               1314005.6                
0.084818706              1314591.6                
0.08488395               1314645.6                
0.08493473               1314167.6                
0.08497098               1313151.0                
0.08499275               1311568.1                
0.08500002               1309403.0                
0.08499276               1306648.8                
0.08497098               1303292.1                
0.08493473               1299320.4                
0.08488396               1294723.6                
0.08481871               1289495.2                
0.08473906               1283637.9                
0.084644996              1277141.4                
0.08453653               1270001.8                
0.084413685              1262215.6                
0.08427648               1253780.9                
0.08412494               1244696.4                
0.08395933               1235024.8                
0.0837796                1224749.4                
0.08358577               1213867.9                
0.08337787               1202388.5                
0.083155945              1190320.2                
0.08292004               1177673.1                
0.08267035               1164485.0                
0.08240716               1150802.1                
0.08213033               1136608.2                
0.08183993               1121920.6                
0.081536025              1106756.4                
0.081218705              1091133.8                
0.08088802               1075071.5                
0.080544546              1058647.8                
0.08018809               1041849.7                
0.07981874               1024698.06               
0.07943661               1007215.8                
0.07904177               989425.94                
0.07863435               971351.6                 
0.078214675              953034.44                
0.07778297               934506.75                
0.07733922               915780.2                 
0.07688352               896879.4                 
0.07641602               877828.7                 
0.075936854              858652.25                
0.075446166              839374.9                 
0.07494442               820033.0                 
0.0744316                800643.06                
0.07390787               781229.2                 
0.07337341               761814.94                
0.07282842               742423.4                 
0.072273076              723077.06                
0.07170756               703783.06                
0.071132064              684560.2                 
0.07054678               665433.1                 
0.06995194               646419.9                 
0.06934772               627537.75                
0.06873434               608803.44                
0.06811201               590230.6                 
0.067480914              571825.7                 
0.06684128               553608.1                 
0.066193335              535590.8                 
0.0655373                517786.12                
0.064873405              500205.53                
0.06420188               482860.06                
0.06352292               465765.3                 
0.06283678               448930.2                 
0.0621437                432363.16                
0.061443906              416073.34                
0.06073765               400069.22                
0.060025174              384358.78                
0.059306715              368952.78                
0.0585825                353864.53                
0.057852793              339096.1                 
0.057117846              324653.9                 
0.056377914              310543.94                
0.05563325               296771.5                 
0.054884117              283341.28                
0.054130726              270251.88                
0.053373355              257509.03                
0.05261227               245115.58                
0.051847734              233073.42                
0.051080007              221383.86                
0.050309353              210047.67                
0.049536034              199057.27                
0.048760302              188404.5                 
0.047982436              178092.73                
0.047202703              168118.33                
0.04642137               158477.05                
0.04563871               149164.14                
0.044854987              140174.9                 
0.044070434              131518.81                
0.04328534               123183.66                
0.04249998               115165.4                 
0.041714627              107459.89                
0.040929545              100062.91                
0.040145006              92970.1                  
0.03936126               86174.62                 
0.03857858               79670.61                 
0.037797235              73453.82                 
0.037017502              67518.65                 
0.036239646              61859.23                 
0.03546394               56469.46                 
0.034690645              51343.797                
0.033919986              46480.355                
0.03315226               41869.094                
0.032387726              37502.8                  
0.031626653              33373.723                
0.030869298              29473.453                
0.030115929              25792.807                
0.02936677               22327.166                
0.028622089              19064.678                
0.027882148              15991.841                
0.0271472                13095.31                 
0.026417501              10360.064                
0.025693307              7769.0923                
0.024974888              5982.0254                
0.02426246               3807.8809                
0.023556814              1782.0421                
0.022857014              -88.18124                
0.022163903              -1755.1324               
0.02147718               -3202.4797               
0.020798193              -4396.05                 
0.020126687              -5396.9395               
0.01946275               -6245.832                
0.018806748              -6946.5386               
0.018158779              -7536.4873               
0.017519144              -8002.3457               
0.016888043              -8331.378                
0.016265687              -8592.949                
0.01565229               -8963.144                
0.015048058              -9319.82                 
0.014453207              -9544.053                
0.013867938              -10155.657               
0.013292443              -10531.436               
0.0127269225             -10825.729               
0.012171569              -11088.022               
0.011626574              -11369.114               
0.011092122              -11616.919               
0.010568395              -11800.597               
0.010055573              -11904.637               
0.009553831              -11914.799               
0.009063341              -11836.768               
0.008584267              -11687.6455              
0.008116778              -11460.093               
0.007661031              -11148.243               
0.0072172293             -10772.462               
0.00678538               -10334.396               
0.006365823              -9831.996                
0.005958527              -9270.58                 
0.0055637565             -8657.195                
0.005181581              -7994.7246               
0.004812132              -7287.4067               
0.0044555995             -6545.7803               
0.004112003              -5773.016                
0.0037815731             -4982.1455               
0.0034643249             -4188.657                
0.003160422              -3424.0806               
0.0028699595             -2698.2385               
0.0025929948             -2016.5463               
0.002329717              -1422.7673               
0.0020801094             -905.18506               
0.0018443353             -452.67285               
