0.0                      0.0                      
0.02                     247.30476                
0.04                     487.08698                
0.06                     724.1799                 
0.08                     974.7422                 
0.1                      1229.9299                
0.12                     1484.5116                
0.14                     1785.6635                
0.16                     2145.16                  
0.18                     2505.945                 
0.2                      2868.6628                
0.22                     3233.9617                
0.24                     3602.4944                
0.26                     3974.9197                
0.28                     4503.3296                
0.3                      5054.943                 
0.32                     5612.2266                
0.34                     6175.8364                
0.36                     6746.437                 
0.38                     7324.7007                
0.4                      8101.901                 
0.42                     8888.819                 
0.44                     9685.087                 
0.46                     10491.381                
0.48                     11308.385                
0.5                      12269.437                
0.52                     13302.876                
0.54                     14348.659                
0.56                     15407.48                 
0.58                     16480.045                
0.6                      17735.98                 
0.62                     19023.568                
0.64                     20326.498                
0.66                     21645.486                
0.68                     23099.963                
0.7                      24647.709                
0.72                     26213.045                
0.74                     27796.695                
0.76                     29455.057                
0.78                     31257.234                
0.8                      33079.254                
0.82                     34921.855                
0.84                     36786.57                 
0.86                     38777.57                 
0.88                     40830.31                 
0.9                      42945.258                
0.92                     45122.887                
0.94                     47363.656                
0.96                     49668.023                
0.98                     52036.44                 
1.0                      54469.363                
1.02                     56974.73                 
1.04                     59559.105                
1.06                     62213.254                
1.08                     64937.574                
1.1                      67732.45                 
1.12                     70598.28                 
1.14                     73535.43                 
1.16                     76544.28                 
1.18                     79625.18                 
1.2                      82776.01                 
1.22                     85998.42                 
1.24                     89293.29                 
1.26                     92660.94                 
1.28                     96101.695                
1.3                      99615.88                 
1.32                     103203.8                 
1.34                     106865.75                
1.36                     110599.9                 
1.38                     114399.29                
1.4                      118271.32                
1.42                     122216.28                
1.44                     126234.445               
1.46                     130326.08                
1.48                     134491.42                
1.5                      138730.75                
1.52                     143044.27                
1.54                     147426.33                
1.56                     151877.62                
1.58                     156401.75                
1.6                      160998.94                
1.62                     165669.39                
1.64                     170413.3                 
1.66                     175230.86                
1.68                     180122.25                
1.7                      185087.5                 
1.72                     190112.4                 
1.74                     195208.73                
1.76                     200376.67                
1.78                     205616.4                 
1.8                      210928.08                
1.82                     216311.88                
1.84                     221767.94                
1.86                     227296.4                 
1.88                     232893.08                
1.9                      238554.69                
1.92                     244286.86                
1.94                     250089.75                
1.96                     255963.5                 
1.98                     261908.2                 
2.0                      267924.0                 
2.02                     274010.97                
2.04                     280169.22                
2.06                     286392.3                 
2.08                     292683.9                 
2.1                      299045.44                
2.12                     305477.03                
2.14                     311978.75                
2.16                     318550.7                 
2.18                     325192.9                 
2.2                      331905.44                
2.22                     338686.38                
2.24                     345529.03                
2.26                     352440.25                
2.28                     359420.1                 
2.3                      366468.62                
2.32                     373585.97                
2.34                     380772.12                
2.36                     388027.2                 
2.38                     395351.22                
2.4                      402740.6                 
2.42                     410195.8                 
2.44                     417718.9                 
2.46                     425309.97                
2.48                     432969.03                
2.5                      440696.1                 
2.52                     448491.25                
2.54                     456354.47                
2.56                     464285.7                 
2.58                     472275.47                
2.6                      480331.62                
2.62                     488454.2                 
2.64                     496643.25                
2.66                     504898.88                
2.68                     513221.1                 
2.7                      521609.94                
2.72                     530065.5                 
2.74                     538587.75                
2.76                     547176.75                
2.78                     555832.5                 
2.8                      564555.0                 
2.82                     573344.3                 
2.84                     582200.4                 
2.86                     591123.3                 
2.88                     600112.94                
2.9                      609169.3                 
2.92                     618287.6                 
2.94                     627471.25                
2.96                     636721.4                 
2.98                     646038.06                
3.0                      655421.4                 
3.02                     664871.25                
3.04                     674387.75                
3.06                     683970.9                 
3.08                     693620.6                 
3.1                      703337.0                 
3.12                     713120.06                
3.14                     722969.75                
3.16                     732886.06                
3.18                     742869.0                 
3.2                      752918.5                 
3.22                     763034.56                
3.24                     773217.2                 
3.26                     783465.5                 
3.28                     793779.9                 
3.3                      804161.0                 
3.32                     814608.75                
3.34                     825123.2                 
3.36                     835704.3                 
3.38                     846352.2                 
3.4                      857066.7                 
3.42                     867847.9                 
3.44                     878695.75                
3.46                     889610.3                 
3.48                     900591.44                
3.5                      911639.25                
3.52                     922753.56                
3.54                     933934.44                
3.56                     945181.9                 
3.58                     956495.75                
3.6                      967879.0                 
3.62                     979333.9                 
3.64                     990856.56                
3.66                     1002447.1                
3.68                     1014105.7                
3.7                      1025832.2                
3.72                     1037626.7                
3.74                     1049489.2                
3.76                     1061419.9                
3.78                     1073418.8                
3.8                      1085485.6                
3.82                     1097620.8                
3.84                     1109824.1                
3.86                     1122095.6                
3.88                     1134435.4                
3.9                      1146843.4                
3.92                     1159319.8                
3.94                     1171863.6                
3.96                     1184473.4                
3.98                     1197151.0                
4.0                      1209896.5                
4.02                     1222710.0                
4.04                     1235591.5                
4.06                     1248540.9                
4.08                     1261564.0                
4.1                      1274672.4                
4.12                     1287854.4                
4.14                     1301110.1                
4.16                     1314433.1                
4.18                     1327825.2                
4.2                      1341287.4                
4.22                     1354819.9                
4.24                     1368422.6                
4.26                     1371443.0                
4.28                     1364202.5                
4.3                      1357438.1                
4.32                     1350986.1                
4.34                     1344869.4                
4.36                     1339064.0                
4.38                     1333477.8                
4.4                      1328128.0                
4.42                     1323013.8                
4.44                     1318152.5                
4.46                     1313528.5                
4.48                     1309136.8                
4.5                      1304953.6                
4.52                     1300951.8                
4.54                     1297145.0                
4.56                     1293533.0                
4.58                     1290093.5                
4.6                      1286807.8                
4.62                     1283694.9                
4.64                     1280754.8                
4.66                     1277918.2                
4.68                     1275218.4                
4.7                      1272657.9                
4.72                     1270217.8                
4.74                     1267875.9                
4.76                     1265650.5                
4.78                     1263541.5                
4.8                      1261509.1                
4.82                     1259570.5                
4.84                     1257728.1                
4.86                     1255969.5                
4.88                     1254277.0                
4.9                      1252664.4                
4.92                     1251131.6                
4.94                     1249653.2                
4.96                     1248238.6                
4.98                     1246890.5                
5.0                      1245601.1                
5.02                     1244357.5                
5.04                     1243169.2                
5.06                     1242036.4                
5.08                     1240942.6                
5.1                      1239893.1                
5.12                     1238890.1                
5.14                     1237928.9                
5.16                     1236999.9                
5.18                     1236109.9                
5.2                      1235259.0                
5.22                     1234436.8                
5.24                     1233645.6                
5.26                     1232887.6                
5.28                     1232159.8                
5.3                      1231455.1                
5.32                     1230778.5                
5.34                     1230130.0                
5.36                     1229502.6                
5.38                     1228897.8                
5.4                      1228316.8                
5.42                     1227757.0                
5.44                     1227210.4                
5.46                     1226682.4                
5.48                     1226172.8                
5.5                      1225681.8                
5.52                     1225209.1                
5.54                     1224755.0                
5.56                     1224317.0                
5.58                     1223887.2                
5.6                      1223473.0                
5.62                     1223074.1                
5.64                     1222690.8                
5.66                     1222322.9                
5.68                     1221970.4                
5.7                      1221630.8                
5.72                     1221294.0                
5.74                     1220969.1                
5.76                     1220656.0                
5.78                     1220354.6                
5.8                      1220065.1                
5.82                     1219787.5                
5.84                     1219520.0                
5.86                     1219254.4                
5.88                     1218997.9                
5.9                      1218750.5                
5.92                     1218512.0                
5.94                     1218282.6                
5.96                     1218062.2                
5.98                     1217850.0                
6.0                      1217639.1                
6.02                     1217435.4                
6.04                     1217238.5                
6.06                     1217048.6                
6.08                     1216865.6                
6.1                      1216689.6                
6.12                     1216520.1                
6.14                     1216351.8                
6.16                     1216188.9                
6.18                     1216031.4                
6.2                      1215879.2                
6.22                     1215732.5                
6.24                     1215591.2                
6.26                     1215455.1                
6.28                     1215320.0                
6.3                      1215189.1                
6.32                     1215062.5                
6.34                     1214940.1                
6.36                     1214822.0                
6.38                     1214708.1                
6.4                      1214598.4                
6.42                     1214489.5                
6.44                     1214383.9                
6.46                     1214281.6                
6.48                     1214182.9                
6.5                      1214087.4                
6.52                     1213995.2                
6.54                     1213906.5                
6.56                     1213818.5                
6.58                     1213733.1                
6.6                      1213650.4                
6.62                     1213570.4                
6.64                     1213493.0                
6.66                     1213418.2                
6.68                     1213346.2                
6.7                      1213273.9                
6.72                     1213203.1                
6.74                     1213134.4                
6.76                     1213067.4                
6.78                     1213002.2                
6.8                      1212938.9                
6.82                     1212877.5                
6.84                     1212818.0                
6.86                     1212760.2                
6.88                     1212704.4                
6.9                      1212650.4                
6.92                     1212598.2                
6.94                     1212548.0                
6.96                     1212499.6                
6.98                     1212450.4                
7.0                      1212402.2                
7.02                     1212355.8                
7.04                     1212310.5                
7.06                     1212266.9                
7.08                     1212224.6                
7.1                      1212183.8                
7.12                     1212144.5                
7.14                     1212106.5                
7.16                     1212070.1                
7.18                     1212035.1                
7.2                      1212001.6                
7.22                     1211969.5                
7.24                     1211938.9                
7.26                     1211906.9                
7.28                     1211875.2                
7.3                      1211844.5                
7.32                     1211814.9                
7.34                     1211786.1                
7.36                     1211758.4                
7.38                     1211731.6                
7.4                      1211705.9                
7.42                     1211681.1                
7.44                     1211657.2                
7.46                     1211634.4                
7.48                     1211612.6                
7.5                      1211591.8                
7.52                     1211571.8                
7.54                     1211551.0                
7.56                     1211530.4                
7.58                     1211510.4                
7.6                      1211490.9                
7.62                     1211472.2                
7.64                     1211454.1                
7.66                     1211436.6                
7.68                     1211419.9                
7.7                      1211403.8                
7.72                     1211388.2                
7.74                     1211373.4                
7.76                     1211359.1                
7.78                     1211345.6                
7.8                      1211332.8                
7.82                     1211319.4                
7.84                     1211305.9                
7.86                     1211292.9                
7.88                     1211280.2                
7.9                      1211268.0                
7.92                     1211256.2                
7.94                     1211245.0                
7.96                     1211234.0                
7.98                     1211223.6                
8.0                      1211213.5                
8.02                     1211203.9                
8.04                     1211194.6                
8.06                     1211185.9                
8.08                     1211177.5                
8.1                      1211168.9                
8.12                     1211160.1                
8.14                     1211151.8                
8.16                     1211143.5                
8.18                     1211135.6                
8.2                      1211128.0                
8.22                     1211120.6                
8.24                     1211113.6                
8.26                     1211106.8                
8.28                     1211100.2                
8.3                      1211094.0                
8.32                     1211088.1                
8.34                     1211082.4                
8.36                     1211077.0                
8.38                     1211071.2                
8.4                      1211065.2                
8.42                     1211059.4                
8.44                     1211053.8                
8.46                     1211048.1                
8.48                     1211042.6                
8.5                      1211037.4                
8.52                     1211032.2                
8.54                     1211027.1                
8.56                     1211022.2                
8.58                     1211017.5                
8.6                      1211012.9                
8.62                     1211008.4                
8.64                     1211004.1                
8.66                     1210999.9                
8.68                     1210995.8                
8.7                      1210991.9                
8.72                     1210988.1                
8.74                     1210984.4                
8.76                     1210980.9                
8.78                     1210977.5                
8.8                      1210974.2                
8.82                     1210971.1                
8.84                     1210968.1                
8.86                     1210965.4                
8.88                     1210962.6                
8.9                      1210960.0                
8.92                     1210957.6                
8.94                     1210955.0                
8.96                     1210952.2                
8.98                     1210949.4                
9.0                      1210946.8                
9.02                     1210944.1                
9.04                     1210941.6                
9.06                     1210939.2                
9.08                     1210936.9                
9.1                      1210934.6                
9.12                     1210932.5                
9.14                     1210930.4                
9.16                     1210928.4                
9.18                     1210926.5                
9.2                      1210924.8                
9.22                     1210923.0                
9.24                     1210921.4                
9.26                     1210919.9                
9.28                     1210918.5                
9.3                      1210917.1                
9.32                     1210915.9                
9.34                     1210914.8                
9.36                     1210913.6                
9.38                     1210912.6                
9.4                      1210911.8                
9.42                     1210910.9                
9.44                     1210910.1                
9.46                     1210909.5                
9.48                     1210909.0                
9.5                      1210908.4                
9.52                     1210907.2                
9.54                     1210906.2                
9.56                     1210905.2                
9.58                     1210904.2                
9.6                      1210903.2                
9.62                     1210902.4                
9.64                     1210901.5                
9.66                     1210900.8                
9.68                     1210900.0                
9.7                      1210899.2                
9.72                     1210898.5                
9.74                     1210897.9                
9.76                     1210897.2                
9.78                     1210896.8                
9.8                      1210896.2                
9.82                     1210895.8                
9.84                     1210895.2                
9.86                     1210894.9                
9.88                     1210894.5                
9.9                      1210894.1                
9.92                     1210893.9                
9.94                     1210893.6                
9.96                     1210893.4                
9.98                     1210893.2                
10.0                     1210893.1                
10.02                    1210893.0                
10.04                    1210893.0                
10.06                    1210893.0                
10.08                    1210892.6                
10.1                     1210892.2                
10.12                    1210892.0                
10.14                    1210891.8                
10.16                    1210891.5                
10.18                    1210891.2                
10.2                     1210891.0                
10.22                    1210890.8                
10.24                    1210890.6                
10.26                    1210890.4                
10.28                    1210890.2                
10.3                     1210890.0                
10.32                    1210889.9                
10.34                    1210889.8                
10.36                    1210889.6                
10.38                    1210889.6                
10.4                     1210889.5                
10.42                    1210889.5                
10.44                    1210889.4                
10.46                    1210889.4                
10.48                    1210889.4                
10.5                     1210889.4                
10.52                    1210889.4                
10.54                    1210889.4                
10.56                    1210889.5                
10.58                    1210889.5                
10.6                     1210889.6                
10.62                    1210889.8                
10.64                    1210889.6                
10.66                    1210889.5                
10.68                    1210889.5                
10.7                     1210889.4                
10.72                    1210889.4                
10.74                    1210889.2                
10.76                    1210889.1                
10.78                    1210889.1                
10.8                     1210889.0                
10.82                    1210889.0                
10.84                    1210888.9                
10.86                    1210888.9                
10.88                    1210888.8                
10.9                     1210888.8                
10.92                    1210888.8                
10.94                    1210888.6                
10.96                    1210888.6                
10.98                    1210888.5                
11.0                     1210888.5                
11.02                    1210888.5                
11.04                    1210888.5                
11.06                    1210888.4                
11.08                    1210888.4                
11.1                     1210888.4                
11.12                    1210888.2                
11.14                    1210888.2                
11.16                    1210888.2                
11.18                    1210888.2                
11.2                     1210888.2                
11.22                    1210888.2                
11.24                    1210888.1                
11.26                    1210888.1                
11.28                    1210888.1                
11.3                     1210888.1                
11.32                    1210888.1                
11.34                    1210888.1                
11.36                    1210888.1                
11.38                    1210888.1                
11.4                     1210888.1                
11.42                    1210888.1                
11.44                    1210888.1                
11.46                    1210888.1                
11.48                    1210888.1                
11.5                     1210888.2                
11.52                    1210888.2                
11.54                    1210888.2                
11.56                    1210888.2                
11.58                    1210888.2                
11.6                     1210888.2                
11.62                    1210888.4                
11.64                    1210888.4                
11.66                    1210888.4                
11.68                    1210888.4                
11.7                     1210888.5                
11.72                    1210888.5                
11.74                    1210888.5                
11.76                    1210888.6                
11.78                    1210888.6                
11.8                     1210888.6                
11.82                    1210888.6                
11.84                    1210888.8                
11.86                    1210888.8                
11.88                    1210888.8                
11.9                     1210888.9                
11.92                    1210888.9                
11.94                    1210888.9                
11.96                    1210888.9                
11.98                    1210889.0                
12.0                     1210889.0                
12.02                    1210889.0                
12.04                    1210889.1                
12.06                    1210889.1                
12.08                    1210889.1                
12.1                     1210889.1                
12.12                    1210889.2                
12.14                    1210889.2                
12.16                    1210889.2                
12.18                    1210889.4                
12.2                     1210889.4                
12.22                    1210889.4                
12.24                    1210889.4                
12.26                    1210889.5                
12.28                    1210889.5                
12.3                     1210889.5                
12.32                    1210889.6                
12.34                    1210889.6                
12.36                    1210889.6                
12.38                    1210889.6                
12.4                     1210889.8                
12.42                    1210889.8                
12.44                    1210889.8                
12.46                    1210889.9                
12.48                    1210889.9                
12.5                     1210889.9                
12.52                    1210889.9                
12.54                    1210890.0                
12.56                    1210890.0                
12.58                    1210890.0                
12.6                     1210890.1                
12.62                    1210890.1                
12.64                    1210890.1                
12.66                    1210890.1                
12.68                    1210890.2                
12.7                     1210890.2                
12.72                    1210890.2                
12.74                    1210890.4                
12.76                    1210890.4                
12.78                    1210890.4                
12.8                     1210890.4                
12.82                    1210890.5                
12.84                    1210890.5                
12.86                    1210890.5                
12.88                    1210890.6                
12.9                     1210890.6                
12.92                    1210890.6                
12.94                    1210890.6                
12.96                    1210890.8                
12.98                    1210890.8                
13.0                     1210890.8                
13.02                    1210890.9                
13.04                    1210890.9                
13.06                    1210890.9                
13.08                    1210890.9                
13.1                     1210891.0                
13.12                    1210891.0                
13.14                    1210891.0                
13.16                    1210891.1                
13.18                    1210891.1                
13.2                     1210891.1                
13.22                    1210891.1                
13.24                    1210891.2                
13.26                    1210891.2                
13.28                    1210891.2                
13.3                     1210891.4                
13.32                    1210891.4                
13.34                    1210891.4                
13.36                    1210891.4                
13.38                    1210891.5                
13.4                     1210891.5                
13.42                    1210891.5                
13.44                    1210891.6                
13.46                    1210891.6                
13.48                    1210891.6                
13.5                     1210891.6                
13.52                    1210891.8                
13.54                    1210891.8                
13.56                    1210891.8                
13.58                    1210891.9                
13.6                     1210891.9                
13.62                    1210891.9                
13.64                    1210891.9                
13.66                    1210892.0                
13.68                    1210892.0                
13.7                     1210892.0                
13.72                    1210892.1                
13.74                    1210892.1                
13.76                    1210892.1                
13.78                    1210892.1                
13.8                     1210892.1                
13.82                    1210892.1                
13.84                    1210892.1                
13.86                    1210892.1                
13.88                    1210892.1                
13.9                     1210892.2                
13.92                    1210892.2                
13.94                    1210892.2                
13.96                    1210892.2                
13.98                    1210892.2                
14.0                     1210892.2                
14.02                    1210892.2                
14.04                    1210892.2                
14.06                    1210892.2                
14.08                    1210892.2                
14.1                     1210892.2                
14.12                    1210892.2                
14.14                    1210892.2                
14.16                    1210892.4                
14.18                    1210892.4                
14.2                     1210892.4                
14.22                    1210892.4                
14.24                    1210892.4                
14.26                    1210892.4                
14.28                    1210892.4                
14.3                     1210892.4                
14.32                    1210892.4                
14.34                    1210892.4                
14.36                    1210892.4                
14.38                    1210892.4                
14.4                     1210892.4                
14.42                    1210892.4                
14.44                    1210892.5                
14.46                    1210892.5                
14.48                    1210892.5                
14.5                     1210892.5                
14.52                    1210892.5                
14.54                    1210892.5                
14.56                    1210892.5                
14.58                    1210892.5                
14.6                     1210892.5                
14.62                    1210892.5                
14.64                    1210892.5                
14.66                    1210892.5                
14.68                    1210892.5                
14.7                     1210892.6                
14.72                    1210892.6                
14.74                    1210892.6                
14.76                    1210892.6                
14.78                    1210892.6                
14.8                     1210892.6                
14.82                    1210892.6                
14.84                    1210892.6                
14.86                    1210892.6                
14.88                    1210892.6                
14.9                     1210892.6                
14.92                    1210892.6                
14.94                    1210892.6                
14.96                    1210892.6                
14.98                    1210892.8                
15.0                     1210892.8                
15.02                    1210892.8                
15.04                    1210892.8                
15.06                    1210892.8                
15.08                    1210892.8                
15.1                     1210892.8                
15.12                    1210892.8                
15.14                    1210892.8                
15.16                    1210892.8                
15.18                    1210892.8                
15.2                     1210892.8                
15.22                    1210892.8                
15.24                    1210892.9                
15.26                    1210892.9                
15.28                    1210892.9                
15.3                     1210892.9                
15.32                    1210892.9                
15.34                    1210892.9                
15.36                    1210892.9                
15.38                    1210892.9                
15.4                     1210892.9                
15.42                    1210892.9                
15.44                    1210892.9                
15.46                    1210892.9                
15.48                    1210892.9                
15.5                     1210892.9                
15.52                    1210893.0                
15.54                    1210893.0                
15.56                    1210893.0                
15.58                    1210893.0                
15.6                     1210893.0                
15.62                    1210893.0                
15.64                    1210893.0                
15.66                    1210893.0                
15.68                    1210893.0                
15.7                     1210893.0                
15.72                    1210893.0                
15.74                    1210893.0                
15.76                    1210893.0                
15.78                    1210893.0                
15.8                     1210893.0                
15.82                    1210893.0                
15.84                    1210893.0                
15.86                    1210893.1                
15.88                    1210893.1                
15.9                     1210893.1                
15.92                    1210893.1                
15.94                    1210893.1                
15.96                    1210893.1                
15.98                    1210893.1                
16.0                     1210893.1                
16.02                    1210893.1                
16.04                    1210893.1                
16.06                    1210893.1                
16.08                    1210893.1                
16.1                     1210893.1                
16.12                    1210893.1                
16.14                    1210893.1                
16.16                    1210893.1                
16.18                    1210893.1                
16.2                     1210893.1                
16.22                    1210893.1                
16.24                    1210893.1                
16.26                    1210893.1                
16.28                    1210893.1                
16.3                     1210893.1                
16.32                    1210893.1                
16.34                    1210893.1                
16.36                    1210893.1                
16.38                    1210893.1                
16.4                     1210893.1                
16.42                    1210893.1                
16.44                    1210893.1                
16.46                    1210893.1                
16.48                    1210893.1                
16.5                     1210893.1                
16.52                    1210893.1                
16.54                    1210893.1                
16.56                    1210893.1                
16.58                    1210893.1                
16.6                     1210893.1                
16.62                    1210893.1                
16.64                    1210893.1                
16.66                    1210893.1                
16.68                    1210893.1                
16.7                     1210893.1                
16.72                    1210893.1                
16.74                    1210893.1                
16.76                    1210893.1                
16.78                    1210893.1                
16.8                     1210893.1                
16.82                    1210893.1                
16.84                    1210893.1                
16.86                    1210893.1                
16.88                    1210893.1                
16.9                     1210893.2                
16.92                    1210893.2                
16.94                    1210893.2                
16.96                    1210893.2                
16.98                    1210893.2                
17.0                     1210893.2                
17.02                    1210893.2                
17.04                    1210893.2                
17.06                    1210893.2                
17.08                    1210893.2                
17.1                     1210893.2                
17.12                    1210893.2                
17.14                    1210893.2                
17.16                    1210893.2                
17.18                    1210893.2                
17.2                     1210893.2                
17.22                    1210893.2                
17.24                    1210893.2                
17.26                    1210893.2                
17.28                    1210893.2                
17.3                     1210893.2                
17.32                    1210893.2                
17.34                    1210893.2                
17.36                    1210893.2                
17.38                    1210893.2                
17.4                     1210893.2                
17.42                    1210893.2                
17.44                    1210893.2                
17.46                    1210893.2                
17.48                    1210893.2                
17.5                     1210893.2                
17.52                    1210893.2                
17.54                    1210893.2                
17.56                    1210893.2                
17.58                    1210893.2                
17.6                     1210893.2                
17.62                    1210893.2                
17.64                    1210893.2                
17.66                    1210893.2                
17.68                    1210893.2                
17.7                     1210893.2                
17.72                    1210893.2                
17.74                    1210893.2                
17.76                    1210893.2                
17.78                    1210893.2                
17.8                     1210893.2                
17.82                    1210893.2                
17.84                    1210893.2                
17.86                    1210893.2                
17.88                    1210893.2                
17.9                     1210893.2                
17.92                    1210893.2                
17.94                    1210893.2                
17.96                    1210893.2                
17.98                    1210893.2                
18.0                     1210893.2                
18.02                    1210893.2                
18.04                    1210893.2                
18.06                    1210893.2                
18.08                    1210893.2                
18.1                     1210893.2                
18.12                    1210893.2                
18.14                    1210893.2                
18.16                    1210893.2                
18.18                    1210893.2                
18.2                     1210893.2                
18.22                    1210893.2                
18.24                    1210893.2                
18.26                    1210893.2                
18.28                    1210893.2                
18.3                     1210893.2                
18.32                    1210893.2                
18.34                    1210893.2                
18.36                    1210893.2                
18.38                    1210893.2                
18.4                     1210893.4                
18.42                    1210893.4                
18.44                    1210893.4                
18.46                    1210893.4                
18.48                    1210893.4                
18.5                     1210893.4                
18.52                    1210893.4                
18.54                    1210893.4                
18.56                    1210893.4                
18.58                    1210893.4                
18.6                     1210893.4                
18.62                    1210893.4                
18.64                    1210893.4                
18.66                    1210893.4                
18.68                    1210893.4                
18.7                     1210893.4                
18.72                    1210893.4                
18.74                    1210893.4                
18.76                    1210893.4                
18.78                    1210893.4                
18.8                     1210893.4                
18.82                    1210893.4                
18.84                    1210893.4                
18.86                    1210893.4                
18.88                    1210893.4                
18.9                     1210893.4                
18.92                    1210893.4                
18.94                    1210893.4                
18.96                    1210893.4                
18.98                    1210893.4                
19.0                     1210893.4                
19.02                    1210893.4                
19.04                    1210893.4                
19.06                    1210893.4                
19.08                    1210893.4                
19.1                     1210893.4                
19.12                    1210893.4                
19.14                    1210893.4                
19.16                    1210893.4                
19.18                    1210893.4                
19.2                     1210893.4                
19.22                    1210893.4                
19.24                    1210893.4                
19.26                    1210893.4                
19.28                    1210893.4                
19.3                     1210893.4                
19.32                    1210893.4                
19.34                    1210893.4                
19.36                    1210893.4                
19.38                    1210893.4                
19.4                     1210893.4                
19.42                    1210893.4                
19.44                    1210893.4                
19.46                    1210893.4                
19.48                    1210893.4                
19.5                     1210893.4                
19.52                    1210893.4                
19.54                    1210893.4                
19.56                    1210893.4                
19.58                    1210893.4                
19.6                     1210893.4                
19.62                    1210893.4                
19.64                    1210893.4                
19.66                    1210893.4                
19.68                    1210893.4                
19.7                     1210893.4                
19.72                    1210893.4                
19.74                    1210893.4                
19.76                    1210893.4                
19.78                    1210893.4                
19.8                     1210893.4                
19.82                    1210893.4                
19.84                    1210893.4                
19.86                    1210893.4                
19.88                    1210893.4                
19.9                     1210893.4                
19.92                    1210893.4                
19.94                    1210893.4                
19.96                    1210893.4                
19.98                    1210893.4                
20.0                     1210893.4